15651
14911
16196
15783
10930
11663
15499
15730
14817
16034
14362
15972
16202
8476
12579
14944
15851
14997
15413
15748
16997
14164
8445
17019
15513
14320
15211
14100
14868
12547
15782
9416
16140
15549
8632
9154
14856
11361
15759
14342
11322
15736
12627
8152
17020
16059
16923
16926
16930
16931
15346
14884
16935
15746
16040
16938
11380
14882
16945
17028
14783
17012
8626
14936
11275
15674
17018
12757
15722
15399
16976
15957
15043
16977
15950
17009
16991
16996
15412
14631
14779
11517
15847
11121
16228
14855
16598
14794
14615
15779
16876
14790
12686
10998
16936
8888
15777
16956
10986
14775
10967
14772
15725
14771
16974
10964
12990
14406
14767
16943
16939
16948
16944
16933
16924
16940
16268
16942
16932
16952
16929
16972
11269
16145
14333
14322
16999
8846
16988
15595
10440
14747
16951
14745
16950
16947
17005
16949
14757
16946
16937
15738
14768
15735
16973
9003
15719
16928
14325
14754
15714
14403
15963
15085
15071
15291
15565
15663
15660
12003
10088
16584
15542
15539
15641
10038
10035
11277
14167
14801
16149
15785
9975
15612
14125
15348
15561
16003
14016
14005
8035
15840
15571
16421
16008
8017
8016
12979
14791
14230
12849
14756
16418
14760
11276
15429
8041
10205
8700
15231
16613
16217
15337
9640
16549
15968
8923
10066
15728
15979
14676
14879
16186
12589
16183
14648
16192
15458
15520
16160
14558
9176
15094
14645
15553
14028
11740
15287
14634
12986
14632
14624
14819
14619
14752
14617
14614
15009
14613
15209
14610
15444
9009
15041
12460
15422
14612
12504
16031
16018
14355
16582
16002
14328
14636
8522
14907
14304
14303
15975
14285
15390
11751
15971
15381
14274
16414
15371
14364
15350
15349
15347
16184
14898
15344
15343
15948
11571
15338
14885
15328
15460
16239
14380
15318
15853
14623
14629
15010
14620
14043
11654
15308
15307
14012
11485
11482
12950
14964
12796
15301
12794
15298
15299
15296
8452
14946
12752
15320
15290
15289
15893
15279
14912
14910
15288
14906
14904
16615
14902
12615
14875
15294
8768
12588
12587
12581
14923
12562
12559
8382
15708
12490
11422
12552
12551
12550
8360
15069
15079
12545
16133
15269
12544
11156
15849
15265
15263
9081
14669
15468
12489
8696
15233
15945
15956
12465
10379
12430
9980
14382
12410
15670
14965
16005
12260
15202
15717
15744
15842
15841
15843
11221
11219
8113
14830
8681
15386
14260
10987
15027
14232
11203
14863
14980
12012
11986
11979
8570
14970
14826
14958
15505
15970
15201
15669
15955
11181
11965
8877
12815
8860
14924
14919
14019
11006
15732
12903
15894
16787
14310
15924
14383
9790
14785
12790
14781
14798
14969
12540
14777
14857
10377
14731
8618
8503
8497
14396
15044
15397
10907
10901
15339
14391
14378
14334
9002
15618
10885
8927
14358
10884
15459
14351
11385
15491
14300
14638
10469
15494
14418
15740
15965
12585
15262
8193
14733
14742
14740
15729
11432
14616
16138
14738
14250
10934
15699
8884
15985
16567
15501
16500
15569
10906
8103
14630
11378
11387
8615
14693
16137
10071
15536
8588
16586
14314
15527
16583
9910
16232
15200
14076
15578
15994
14061
15568
15562
9650
14065
14022
15097
15552
15515
14008
15547
15545
8544
16570
16543
15511
16293
12543
15490
14762
12844
9490
15558
14759
15556
14947
15434
15418
14734
16491
16147
16555
14712
16146
16551
12661
14696
14070
12616
15342
14684
15336
10000
16204
16131
14935
9373
14402
12692
15188
9313
14414
16141
9165
16132
14641
14637
15510
15452
11467
16134
9113
14611
16150
9063
14025
14608
15203
14589
10274
12565
14425
15437
15189
14410
15430
14407
14400
14394
15448
14386
8989
14941
14376
15061
16042
16041
11966
14371
16085
14367
14764
8878
14354
14920
14844
8931
15409
16585
10008
16580
12261
16568
15987
8919
15977
11969
14078
16417
15969
8880
15433
14949
15958
15393
15952
15103
15401
11002
15090
14199
15332
9031
15206
15954
15321
16142
15441
15023
15017
15014
15008
15001
14994
14018
14988
14975
14003
12907
15914
14952
14945
12787
16055
15905
15902
12763
12751
14998
15899
12745
15898
11208
8814
16148
12687
12639
11321
14909
14905
12617
16624
15655
15680
14901
12564
14982
8762
11201
12558
12549
15045
12541
8702
15896
15906
15196
11041
11004
16136
15391
15395
10929
15406
12471
15464
15959
15229
15225
15560
15597
15983
15218
15667
12383
15676
15682
8695
15695
15205
15703
15707
15198
15715
15197
15718
15195
15190
15887
15187
15895
15151
15118
15116
15114
16019
15100
15098
15077
15059
15073
9339
15057
15056
15052
15048
16237
15040
8666
15035
15030
8832
15026
14082
15025
15024
11587
15018
8624
15013
15006
15005
14978
14977
14132
14961
14956
14955
14950
14938
15486
14932
14931
14930
14929
12734
14976
11952
14915
14913
14015
15033
15055
9392
14252
14914
10928
15389
14390
10299
14735
14387
14399
14951
14366
14973
15160
8924
14339
14939
14933
14967
15050
8691
11967
14788
14090
14096
14968
8906
8477
14058
14618
14992
14424
11210
14726
15672
14985
15029
15199
8565
15234
15592
15907
9931
11003
8594
9067
11228
8898
10045
8953
10997
8766
8529
8551
