20431
20388
20396
20374
18942
11199
20347
15671
15665
15511
15776
21113
15047
14998
15059
20328

15763
10382
14733
14607
15997
16117
18814
9757
20836
8103
15014
17637
18898
14972


19534
10105
19801
9754
15831
11219
14608
11188
17733
17130
18958

15754
18628
15528
18641

20331
20327
10996
15668
18943
15712
9382
20311
10173

9761
21125
18473
11221
15484
15055
15583
15580
14862
15506
18716
14593
17831
15887
16575


14609
9348
19795
15513
15768
15280

19382
10431
15329
15876

15999
9417
11099
18922
20430
20329
8706
19796
16182
15877
17005
15592
14853
19843
10379
19313
11321
17241
11181
14992
