10000
10038
10088
10127
10141
10162
10182
10275
10344
10469
10481
10483
10809
10906
10907
10930
10950
10964
10982
10994
10996
11006
11052
11054
11135
11138
11141
11142
11147
11152
11159
11161
11163
11166
11168
11176
11181
11199
11200
11206
11208
11210
11212
11215
11218
11228
11235
11254
11312
11314
11322
11453
11566
11667
11736
11835
11850
11952
12527
12545
12607
12609
12612
12757
12822
14043
14119
14120
14236
14304
14320
14328
14364
14546
14561
14610
14621
14624
14631
14659
14671
14679
14718
14727
14734
14771
14779
14831
14841
14866
14881
14899
14926
14928
14965
14980
14994
15008
15013
15014
15047
15051
15060
15114
15120
15187
15190
15197
15258
15274
15290
15292
15337
15338
15348
15354
15360
15364
15383
15473
15477
15503
15511
15565
15577
15588
15611
15617
15623
15642
15659
15660
15684
15689
15701
15705
15710
15723
15729
15735
15739
15741
15896
15906
15915
15968
15972
15986
15987
16002
16003
16060
16067
16135
16192
16196
16204
16220
16222
16223
16224
16226
16227
16231
16232
16233
16238
16239
16242
16243
16244
16245
16247
16248
16250
16253
16257
16261
16262
16265
16266
16269
16272
16273
16281
16283
16284
16285
16287
16290
16291
16292
16295
16296
16297
16325
8017
8049
8057
8064
8116
8119
8120
8122
8164
8356
8359
8361
8367
8385
8391
8403
8412
8419
8420
8422
8423
8427
8431
8445
8448
8452
8453
8462
8470
8484
8492
8500
8521
8522
8548
8558
8576
8578
8615
8618
8626
8647
8657
8695
8706
8814
8827
8832
8846
9009
9022
9073
9089
9113
9149
9165
9207
9221
9313
9416
9439
9447
9463
9485
9490
9501
9510
9526
9589
9593
9721
9757
9761
9779
9818
9969
