8016
8017
8049
8057
8064
8116
8119
8120
8122
8164
8356
8359
8360
8361
8367
8385
8391
8403
8412
8419
8420
8422
8423
8427
8431
8445
8448
8452
8453
8462
8470
8484
8492
8500
8518
8521
8522
8529
8548
8558
8560
8568
8576
8578
8588
8607
8615
8618
8626
8647
8657
8695
8702
8706
8762
8766
8768
8781
8814
8827
8832
8846
8877
8880
8890
8898
8905
8923
8927
8953
8989
9002
9009
9022
9031
9073
9089
9113
9149
9165
9181
9207
9221
9313
9416
9439
9447
9448
9463
9477
9485
9487
9490
9493
9501
9510
9526
9537
9589
9593
9612
9640
9721
9757
9761
9779
9805
9818
9910
9969
10000
10038
10045
10066
10088
10105
10127
10137
10141
10162
10182
10219
10275
10344
10422
10469
10481
10483
10484
10809
10882
10897
10906
10907
10930
10934
10950
10964
10967
10982
10987
10989
10994
10996
11006
11052
11054
11135
11138
11141
11142
11147
11152
11159
11161
11163
11166
11168
11176
11181
11199
11200
11201
11203
11206
11208
11210
11212
11215
11217
11218
11219
11221
11228
11235
11254
11312
11314
11321
11322
11361
11434
11453
11485
11498
11566
11657
11667
11736
11751
11835
11850
11952
11965
11966
11969
12260
12383
12527
12529
12545
12607
12609
12612
12757
12822
12844
12888
14005
14012
14022
14043
14066
14090
14091
14103
14119
14120
14122
14123
14143
14191
14192
14228
14232
14236
14238
14252
14269
14300
14304
14320
14328
14364
14370
14374
14418
14424
14546
14558
14561
14610
14615
14618
14621
14623
14624
14629
14630
14631
14659
14671
14679
14684
14692
14718
14727
14734
14747
14756
14765
14767
14771
14779
14820
14831
14841
14866
14876
14881
14885
14899
14902
14914
14924
14926
14928
14942
14945
14949
14965
14968
14980
14984
14994
14996
15008
15013
15014
15015
15016
15029
15045
15047
15050
15051
15056
15057
15060
15114
15120
15153
15187
15190
15197
15199
15215
15231
15257
15258
15274
15279
15290
15292
15294
15336
15337
15338
15342
15348
15354
15360
15364
15383
15386
15389
15412
15418
15431
15473
15477
15499
15503
15511
15524
15529
15546
15549
15551
15554
15559
15561
15564
15565
15567
15574
15577
15584
15588
15597
15598
15610
15611
15612
15613
15614
15617
15620
15623
15624
15627
15638
15642
15646
15652
15659
15660
15667
15672
15675
15683
15684
15688
15689
15701
15705
15710
15711
15718
15723
15729
15735
15739
15741
15754
15766
15771
15772
15778
15780
15783
15790
15792
15795
15803
15805
15811
15813
15815
15828
15833
15835
15851
15887
15894
15896
15900
15906
15907
15915
15962
15968
15969
15972
15986
15987
16002
16003
16031
16041
16060
16067
16085
16135
16141
16143
16192
16196
16204
16220
16222
16223
16224
16226
16227
16229
16231
16232
16233
16237
16238
16239
16242
16243
16244
16245
16247
16248
16250
16253
16255
16257
16261
16262
16265
16266
16269
16272
16273
16281
16283
16284
16285
16287
16290
16291
16292
16295
16296
16297
16299
16325
